Feature	Gain	Cover	Frequency
ctrx_quarter_lag1	0.0682567887292428	0.00824999620175795	0.00706126687435099
ctrx_quarter	0.0531083446587797	0.0169884506016487	0.0118380062305296
mcaja_ahorro	0.0480164596036889	0.00793123804935688	0.00768431983385255
mtarjeta_visa_consumo	0.0454068462715907	0.0117127915596789	0.0150224991346487
cpayroll_trx	0.0429979356838291	0.0132179525616317	0.00359986154378678
Visa_msaldototal	0.0301353327397503	0.00865659457332798	0.011214953271028
mpayroll	0.0279024441166674	0.0169928405248788	0.00671512634129457
mcuentas_saldo	0.0217287354645333	0.0152596711237673	0.0155763239875389
mcaja_ahorro_lag1	0.017830704567318	0.00446472463713076	0.00636898580823814
mactivos_margen	0.0161255378832519	0.0110459768351172	0.00989961924541364
mprestamos_personales	0.0134038391959148	0.0173484793466306	0.00422291450328834
Visa_msaldopesos	0.0129516514093992	0.00670484571322526	0.00893042575285566
ctarjeta_visa_transacciones	0.0115890223907586	0.00821964442817535	0.00955347871235722
mactivos_margen_lag1	0.0114667981131767	0.0141094846663806	0.00747663551401869
mrentabilidad_annual_lag1	0.00920332065532683	0.00985230869108859	0.00692281066112842
mactivos_margen_delta1	0.00818659264057503	0.00497751056373912	0.00512287988923503
mcuentas_saldo_lag1	0.00806644189557696	0.00297176356017725	0.00546902042229145
mprestamos_personales_lag1	0.00775663781397782	0.00405670091651367	0.00186915887850467
cpayroll_trx_lag1	0.00746908059501107	0.00530604877424869	0.00221529941156109
ccomisiones_mantenimiento_delta1	0.00724562212416677	0.00472546671806654	0.00186915887850467
mcomisiones_otras_lag1	0.00619274637456951	0.00714235005534425	0.00740740740740741
mautoservicio	0.00617545904078736	0.00493989159774483	0.00602284527518172
mcuentas_saldo_delta1	0.00583995476732246	0.00947517575754194	0.00733817930079612
mprestamos_personales_delta1	0.00531925180465899	0.0129189025643633	0.0039460020768432
thomebanking	0.00524562454693231	0.00278354536444272	0.00186915887850467
Visa_mpagominimo	0.00517250474083783	0.00445906879137812	0.00560747663551402
chomebanking_transacciones	0.00504645916730582	0.00654599805877329	0.00595361716857044
cproductos	0.00481618483225146	0.00342272995394842	0.00408445829006577
mpayroll_lag1	0.004810298510127	0.0082405008338719	0.00879196953963309
mrentabilidad	0.00458631944982326	0.00158969122280211	0.00346140533056421
ctrx_quarter_delta1	0.00430226399194661	0.00845241284785337	0.00519210799584631
Master_fechaalta	0.00429379989834918	0.00961529269329164	0.0078920041536864
mrentabilidad_lag1	0.00427297766015021	0.0040409822203649	0.00491519556940118
cliente_edad	0.00426030281186311	0.00624941917263574	0.00671512634129457
canarito3	0.00407514741676825	0.00615971328354234	0.00664589823468328
mcuenta_debitos_automaticos	0.0039868961856392	0.0112433525663405	0.00443059882312219
ccomisiones_mantenimiento	0.00394546660401345	0.00756012726298241	0.00283835237106265
canarito81	0.00390992059705792	0.00636056223547949	0.00685358255451713
canarito39	0.00383339865103329	0.00440462463323715	0.00595361716857044
canarito84	0.00377529513578487	0.0035004674660901	0.00595361716857044
canarito78	0.00377207456453877	0.00573410329891723	0.0052613361024576
Master_fechaalta_lag1	0.00369556878418109	0.00425495159568727	0.00629975770162686
mcomisiones_mantenimiento	0.00364835576866896	0.00762048918188068	0.0039460020768432
Visa_Fvencimiento_lag1	0.00362701382692015	0.00197181003111123	0.00359986154378678
canarito43	0.00347246434746014	0.00486452270825391	0.00533056420906888
mcaja_ahorro_delta1	0.00344768011119385	0.00690391250436988	0.00498442367601246
Master_status	0.003442969933325	0.00374103449992839	0.000969193492557979
canarito11	0.00341537080336133	0.00490677073726521	0.00609207338179301
mcomisiones_lag1	0.0033929118147304	0.00394051693879778	0.00595361716857044
canarito66	0.0033853833663112	0.00796409699483184	0.00560747663551402
Visa_mpagominimo_lag1	0.00338047320756438	0.00510206253606017	0.00546902042229145
mtransferencias_recibidas_lag1	0.00331973972749949	0.00429507963150874	0.00449982692973347
canarito49	0.00329702100527125	0.00202353255072561	0.00512287988923503
canarito27	0.00328716778803877	0.00326104868281568	0.00533056420906888
Master_Fvencimiento_lag1	0.00327671151878656	0.00220463538883375	0.00505365178262375
cproductos_delta1	0.00321789937721115	0.00338702790211861	0.00110764970578055
Visa_Fvencimiento	0.00320813120050705	0.00202490665553262	0.00470751124956732
canarito18	0.0032075055974245	0.0022053509102595	0.00505365178262375
mrentabilidad_annual_delta1	0.00317628258088269	0.00333429188531232	0.00422291450328834
mcomisiones_otras	0.00309652202776438	0.0026890452920033	0.00401523018345448
canarito61	0.0030625158568444	0.00243263429831836	0.00505365178262375
canarito76	0.0030530392922956	0.00277411832221006	0.00498442367601246
canarito85	0.00304072682272124	0.00324714820822095	0.0052613361024576
canarito25	0.00303612290434965	0.00276034121337839	0.00539979231568017
canarito9	0.00303396528500522	0.0033484656625206	0.00553824852890274
canarito86	0.00303385364953048	0.00328619631913193	0.00491519556940118
chomebanking_transacciones_lag1	0.00300798349437777	0.00348848200772503	0.00422291450328834
mpagomiscuentas	0.00299765356913594	0.00332097977051064	0.00269989615784008
canarito10	0.00299294316992539	0.0043904091014629	0.00519210799584631
canarito6	0.00296408418677145	0.00316644991776581	0.00470751124956732
cliente_edad_lag1	0.00295883544221958	0.00357753500724162	0.00449982692973347
canarito13	0.002910952075723	0.00466254638303587	0.00533056420906888
Visa_fechaalta_lag1	0.00290562357005843	0.0047698499237462	0.00449982692973347
canarito2	0.00290482611283315	0.00249308731808781	0.00484596746278989
canarito72	0.00288253264414436	0.00300440234521352	0.00484596746278989
Master_Fvencimiento	0.00285889561290742	0.00232677129013362	0.00401523018345448
canarito68	0.00282737456378921	0.00294210643073743	0.00463828314295604
canarito87	0.00282672511091596	0.00293562118747006	0.00498442367601246
mtransferencias_recibidas	0.00280865368977051	0.00428105958702058	0.00366908965039806
canarito70	0.00277235576426638	0.00259203425180188	0.00456905503634476
mcomisiones_mantenimiento_delta1	0.00273055639749336	0.00237489152946662	0.000761509172724126
canarito79	0.0027163590663424	0.0027246068966567	0.00512287988923503
canarito28	0.0027118022151641	0.00210614585741042	0.00456905503634476
canarito54	0.00270693746439278	0.00223849454595691	0.00477673935617861
canarito17	0.00268540055889665	0.00253079169114884	0.00422291450328834
Visa_fechaalta	0.00267517118567661	0.00327250651530181	0.00546902042229145
canarito37	0.00267108399381719	0.00218877244963894	0.00443059882312219
canarito46	0.00265607755066584	0.00218739265102747	0.00484596746278989
canarito22	0.00262269784409307	0.00326281376219486	0.0052613361024576
canarito19	0.00260140958326884	0.00372117451001041	0.00443059882312219
mcomisiones	0.0025954592225845	0.00198839038966661	0.00456905503634476
canarito64	0.00259502502252827	0.00313039674799498	0.00491519556940118
canarito7	0.00258790359995695	0.00304169486641941	0.00422291450328834
canarito45	0.00256573657003405	0.0025173562105841	0.0039460020768432
canarito69	0.00255728777060697	0.00245927181346542	0.00463828314295604
canarito90	0.00254014335797011	0.0044110035921548	0.0043613707165109
canarito59	0.00253302815518559	0.00230493175420222	0.00429214260989962
canarito24	0.00253279995904225	0.00250582246070532	0.00498442367601246
canarito57	0.00252254286274068	0.00441466470841548	0.00408445829006577
canarito35	0.00251213167108334	0.00282595092204378	0.00422291450328834
Visa_mconsumospesos	0.00249314882163839	0.00518560962667461	0.00560747663551402
canarito67	0.00245841864113304	0.00214109253118333	0.00449982692973347
numero_de_cliente	0.00243007065563284	0.00318852479761443	0.00443059882312219
mrentabilidad_delta1	0.00242986801537388	0.00148462914310986	0.0030460366908965
canarito53	0.00240004874153429	0.00237654842656127	0.00422291450328834
canarito77	0.00239204046293466	0.0019987853786556	0.00443059882312219
canarito33	0.00238800322838958	0.00336200932536987	0.00498442367601246
canarito62	0.00237987344146302	0.00167667737130372	0.00401523018345448
canarito14	0.0023721895722884	0.00172729149698536	0.00401523018345448
canarito44	0.00235029824697534	0.00244926020730933	0.00422291450328834
canarito42	0.0023259523806089	0.00231829511324393	0.0039460020768432
canarito5	0.00231530066069816	0.00192656706095978	0.00380754586362063
canarito34	0.00231198230733383	0.00285682083183124	0.00380754586362063
canarito4	0.0023093129190696	0.00302805630682933	0.00387677397023191
canarito51	0.0023018247571065	0.00277555505886601	0.00387677397023191
canarito58	0.00229996311331747	0.00174313355889719	0.00380754586362063
mrentabilidad_annual	0.00229595154553575	0.00173703169846272	0.00290758047767394
canarito83	0.00229504986033158	0.00176124365291453	0.00422291450328834
canarito52	0.00226931796400053	0.00164740362469679	0.00353063343717549
canarito15	0.00225135197295179	0.00180207772048767	0.00380754586362063
ccallcenter_transacciones_delta1	0.00224741890218117	0.00373989763697341	0.00159224645205954
cliente_antiguedad_lag1	0.00223976397499094	0.00362356182447221	0.00470751124956732
canarito29	0.00222997729102511	0.00236991514437823	0.00408445829006577
mpayroll_delta1	0.00222921711962218	0.00870918634708823	0.00533056420906888
canarito26	0.0022040436418484	0.00212299192684008	0.0039460020768432
canarito74	0.00219719030754657	0.00168162149150024	0.00359986154378678
canarito40	0.00215877395693434	0.00197710147337913	0.00339217722395293
mcuenta_corriente_lag1	0.00215809855216207	0.00225422842558421	0.00366908965039806
canarito32	0.00215172379562031	0.00355737324568784	0.00408445829006577
mtransferencias_recibidas_delta1	0.00214369458284196	0.00386881106350237	0.00359986154378678
ccallcenter_transacciones	0.00213893446499997	0.00369873902254668	0.00186915887850467
canarito50	0.00212758431153378	0.00202252664527296	0.0039460020768432
canarito82	0.00211689209938886	0.00748085621950914	0.00380754586362063
canarito65	0.00207789795260553	0.00315879364871677	0.00380754586362063
canarito16	0.00207066893021549	0.00239892697598051	0.00429214260989962
canarito47	0.00203371930254956	0.00278462718728803	0.00422291450328834
ctarjeta_visa_debitos_automaticos_delta1	0.00200375027591712	0.00951119666242089	0.00152301834544825
canarito60	0.00200091343070521	0.00210549486576842	0.00380754586362063
Visa_mpagospesos_delta1	0.00199514429155191	0.00275270012780788	0.00318449290411907
canarito30	0.00198198169034818	0.00159760371305135	0.00325372101073036
tcallcenter	0.00197617198714344	0.0024120322158872	0.00110764970578055
canarito41	0.00195015627715174	0.0028381869078046	0.00401523018345448
canarito20	0.00194647789909169	0.0018316190759037	0.00332294911734164
canarito89	0.00194123425470483	0.00361996903386492	0.00346140533056421
canarito36	0.00193536780381912	0.00175739653904184	0.00346140533056421
canarito75	0.00192957743838253	0.00233914392720122	0.00373831775700935
canarito88	0.00192718287275441	0.001626053755948	0.00339217722395293
Visa_mfinanciacion_limite_lag1	0.00191828913683073	0.0024785149745681	0.00332294911734164
canarito31	0.00191254559557313	0.00120423584508589	0.00283835237106265
canarito80	0.00190431775436912	0.00178445349778331	0.00339217722395293
canarito8	0.00190378743891364	0.0029235313426901	0.00311526479750779
canarito71	0.00185667773608297	0.00259413146977391	0.00359986154378678
canarito56	0.00185665095517693	0.00275866723487039	0.00311526479750779
Master_mfinanciacion_limite	0.0018501842075475	0.0021864531732934	0.00359986154378678
cplazo_fijo	0.00184981503972958	0.00424366837320425	0.00110764970578055
cliente_antiguedad	0.00184255083798847	0.00280367486110462	0.00401523018345448
Visa_cconsumos_delta1	0.00181237703889269	0.00186691496968282	0.00214607130494981
Visa_mconsumospesos_lag1	0.0018016511394123	0.00240110200928001	0.00387677397023191
ccomisiones_otras_lag1	0.00179680057801795	0.00485868466075891	0.00380754586362063
Visa_mfinanciacion_limite	0.00176691806207843	0.0025489397438625	0.0030460366908965
Visa_mpagospesos_lag1	0.0017606595451239	0.0025407065026293	0.00546902042229145
ctarjeta_visa_transacciones_delta1	0.00175613043691398	0.00445758081048213	0.00152301834544825
Visa_msaldototal_lag1	0.00173093746795647	0.00181468949734212	0.00422291450328834
mcaja_ahorro_dolares_delta1	0.00172627561600958	0.00268369880962572	0.00283835237106265
canarito1	0.00171200495962393	0.00166316027954188	0.00359986154378678
mextraccion_autoservicio	0.00170577122558975	0.000968066326217017	0.00145379023883697
canarito12	0.00169251482066002	0.00150139549927723	0.00283835237106265
canarito38	0.00168611764166642	0.00134446475898975	0.0030460366908965
mplazo_fijo_dolares	0.00167061028812589	0.00892324682328178	0.00166147455867082
ccomisiones_otras	0.00165259142515976	0.00330151265309964	0.00311526479750779
mcuenta_corriente_delta1	0.00165126820297259	0.00277637686464148	0.00318449290411907
canarito48	0.00164508473294229	0.00181890291263435	0.00311526479750779
Visa_msaldopesos_delta1	0.00164466570565301	0.00139111599677492	0.00256143994461752
chomebanking_transacciones_delta1	0.00160134856243107	0.00273917924017641	0.0030460366908965
canarito63	0.00159456568811894	0.00132045018975884	0.00346140533056421
mtarjeta_visa_consumo_delta1	0.00157904349763681	0.00188221801810681	0.00228452751817238
canarito23	0.00157550847840167	0.00118948509569345	0.00290758047767394
mttarjeta_visa_debitos_automaticos_delta1	0.00157224215528672	0.00526864617282346	0.00235375562478366
canarito21	0.00156630655818524	0.00140578893083989	0.00297680858428522
mdescubierto_preacordado	0.00154993431876152	0.00676009079985872	0.00145379023883697
Visa_mlimitecompra	0.00154630674938071	0.00295962626702688	0.00283835237106265
Visa_mpagospesos	0.001527240621931	0.00234208762410133	0.0043613707165109
canarito73	0.00151253037030978	0.00130504655078959	0.00283835237106265
mcuenta_corriente	0.00149557368060128	0.00189619820596383	0.00297680858428522
Master_msaldototal	0.00148675780601931	0.00177732675254803	0.0017307026652821
Visa_msaldototal_delta1	0.00148405108794192	0.00156571081639789	0.00283835237106265
ctransferencias_emitidas_delta1	0.00146870332415837	0.00451062998653311	0.00214607130494981
Visa_mconsumospesos_delta1	0.00146441536523049	0.00244050503400164	0.00283835237106265
mcomisiones_delta1	0.00145171398557068	0.00274294284491717	0.00269989615784008
Master_mlimitecompra	0.00144234501383791	0.00195189500108358	0.00297680858428522
Visa_mlimitecompra_lag1	0.00143741138797571	0.00146925017729321	0.00242298373139495
mautoservicio_delta1	0.00142917911897781	0.00242131121920419	0.00297680858428522
mcaja_ahorro_dolares	0.00141159217576869	0.00261451908557083	0.00242298373139495
mtransferencias_emitidas_delta1	0.00141026287562782	0.00377079791371793	0.00249221183800623
ctarjeta_master	0.00139391188995731	0.000401948431270044	0.000415368639667705
ccajas_consultas_delta1	0.00138294699163443	0.00428499210796	0.000899965385946694
canarito55	0.00133877160830769	0.00119962576141705	0.0026306680512288
Visa_msaldopesos_lag1	0.00132979530823493	0.00176623142561182	0.00359986154378678
Master_mfinanciacion_limite_lag1	0.00132652526138923	0.00139378639106148	0.00290758047767394
mtransferencias_emitidas	0.00130729560517175	0.0020633265500194	0.00346140533056421
cproductos_lag1	0.00128323084736835	0.00156071924783097	0.00221529941156109
Visa_mconsumototal_delta1	0.00128016858700279	0.00164542218074855	0.00249221183800623
cmobile_app_trx	0.00127841181732001	0.00277154662053394	0.00152301834544825
mcuenta_debitos_automaticos_delta1	0.00126588515694023	0.00667912300265966	0.00166147455867082
tmobile_app	0.00125412917078709	0.00679082026246977	0.00117687781239183
Visa_status	0.00123859142220339	0.00204759077245729	0.000553824852890273
ccajas_consultas	0.00122969969286525	0.00432928611070329	0.000761509172724126
mcaja_ahorro_dolares_lag1	0.00121031612658411	0.0020303119738895	0.00221529941156109
mtarjeta_master_consumo	0.00120821114225817	0.00223865017661185	0.00110764970578055
tmobile_app_delta1	0.00119438321295053	0.00377455962052388	0.000761509172724126
mpagomiscuentas_delta1	0.00115845168956043	0.00582856920852996	0.00152301834544825
mcuenta_debitos_automaticos_lag1	0.00112776052562195	0.00388252364255028	0.00221529941156109
mpagomiscuentas_lag1	0.00111977516736406	0.00178139782272904	0.00221529941156109
ccaja_ahorro	0.00108533963010796	0.00314566942946191	0.00110764970578055
Visa_cconsumos	0.00106039903900483	0.00183942528180323	0.00290758047767394
mautoservicio_lag1	0.00105979542627344	0.00252130011913242	0.00408445829006577
Visa_mpagominimo_delta1	0.00103140203598037	0.00139856539092897	0.00242298373139495
cextraccion_autoservicio_lag1	0.000990036776920414	0.00190352233642001	0.00186915887850467
ctarjeta_debito_transacciones_delta1	0.000980806865904832	0.00333680095513949	0.00214607130494981
mtarjeta_visa_consumo_lag1	0.000971901083284803	0.0015907142096681	0.00408445829006577
Visa_mconsumototal_lag1	0.0009616889214157	0.00132916360850057	0.00207684319833853
ccuenta_debitos_automaticos	0.000948859287393306	0.0015773166877997	0.00186915887850467
mcomisiones_otras_delta1	0.000923216687461779	0.000914662236355384	0.00166147455867082
Master_mlimitecompra_lag1	0.000904926240388631	0.00064613292886824	0.00166147455867082
Visa_cconsumos_lag1	0.000894093611135431	0.000946188831589288	0.00179993077189339
mdescubierto_preacordado_delta1	0.000854144766933464	0.0063400740291373	0.000969193492557979
mcomisiones_mantenimiento_lag1	0.000838700104269664	0.00113636759398908	0.00124610591900312
mttarjeta_visa_debitos_automaticos	0.000837101428103711	0.00124445308384373	0.00179993077189339
cextraccion_autoservicio	0.000804681346704908	0.00192055250552686	0.00145379023883697
tcallcenter_delta1	0.000788987476157122	0.00213424857823568	0.00083073727933541
Master_status_delta1	0.000755508716733103	0.000624893140338795	0.000346140533056421
Visa_mfinanciacion_limite_delta1	0.000750037837139632	0.000917727401083742	0.00124610591900312
ctransferencias_recibidas_lag1	0.00074306464971029	0.001779858597593	0.00200761509172724
Master_mpagominimo	0.000741719174181859	0.00118627189204942	0.000899965385946694
mttarjeta_visa_debitos_automaticos_lag1	0.000725624567461012	0.00103333061074584	0.00145379023883697
Visa_mconsumototal	0.000714725660402326	0.00192239919610314	0.00235375562478366
ctransferencias_emitidas	0.000703992840974523	0.000891015866478843	0.00110764970578055
ccomisiones_mantenimiento_lag1	0.000702148555066144	0.00170778642087803	0.00124610591900312
ctarjeta_debito_transacciones_lag1	0.000677867384377891	0.00440712990719469	0.00463828314295604
Visa_mpagado	0.000663765560814088	0.00103983673129619	0.00110764970578055
mtransferencias_emitidas_lag1	0.000633457225772756	0.00117139398102428	0.00228452751817238
thomebanking_lag1	0.00062088404727788	0.000289235776333203	0.000623052959501558
matm	0.000586395836543104	0.000814356381312831	0.00124610591900312
ctransferencias_emitidas_lag1	0.000574138187846053	0.00112294919483769	0.0013153340256144
ctarjeta_master_transacciones_lag1	0.000570421792514367	0.000376149803311796	0.000415368639667705
ctarjeta_visa_debitos_automaticos	0.000548604901101677	0.000833671663938528	0.000899965385946694
ctransferencias_recibidas_delta1	0.000547961522320432	0.00125289889377636	0.00124610591900312
ctarjeta_visa_transacciones_lag1	0.000538976820089372	0.00208359839179253	0.00235375562478366
ccaja_seguridad	0.00052886782169663	0.00407664631349839	0.000899965385946694
Visa_mlimitecompra_delta1	0.000523991221638222	0.00111906222433386	0.00110764970578055
cprestamos_personales_lag1	0.000518955352408669	0.00136522057414103	0.000484596746278989
cmobile_app_trx_lag1	0.000517400985754343	0.000465891753166707	0.000623052959501558
cprestamos_personales	0.000514088493999667	0.000802374718817398	0.000346140533056421
ctransferencias_recibidas	0.000509635791306436	0.000422157641194227	0.00083073727933541
Master_msaldopesos_delta1	0.00050758983184412	0.000780487734515587	0.00103842159916926
Master_msaldopesos	0.000494988682791737	0.000816715514289518	0.000761509172724126
ccallcenter_transacciones_lag1	0.000492284487419498	0.000924180379459232	0.000692281066112842
ccajas_transacciones	0.000482049472959995	0.00112318833462455	0.000484596746278989
mextraccion_autoservicio_lag1	0.000474191708807614	0.00191792386580625	0.00186915887850467
ctarjeta_debito_transacciones	0.000455874983408752	0.0024748405727637	0.00429214260989962
Master_mconsumototal	0.000446373336226883	0.00149275230412371	0.000899965385946694
cpagomiscuentas_delta1	0.000433217342490978	0.00381953877773586	0.000899965385946694
matm_delta1	0.000417903588712743	0.00288551381038437	0.000899965385946694
cpagomiscuentas	0.000416451424781854	0.000322358534747633	0.000969193492557979
ctarjeta_debito_lag1	0.000414358502115235	0.000307928536339146	0.000692281066112842
ctarjeta_master_transacciones	0.000411281942437574	0.000641881554879682	0.000553824852890273
Master_msaldototal_delta1	0.000406721254286957	0.000916451988887174	0.000761509172724126
Master_mfinanciacion_limite_delta1	0.000403506647105479	0.000447853780672394	0.000899965385946694
tpaquete3	0.000403402965434536	0.00521160563985375	0.00083073727933541
ccajas_transacciones_delta1	0.000401407537216392	0.000442535767317063	0.000207684319833853
Master_cconsumos	0.000399585575298995	0.00147261141985291	0.000761509172724126
ccaja_ahorro_lag1	0.000399185418856682	0.00145442920431256	0.000761509172724126
catm_trx_other_delta1	0.000387869968903596	0.00504913292990262	0.000899965385946694
ctarjeta_visa_debitos_automaticos_lag1	0.000383508684900012	0.000386009574682582	0.00103842159916926
ccomisiones_otras_delta1	0.000365370571924446	0.000359780115521029	0.000623052959501558
Master_msaldototal_lag1	0.000352311234391017	0.00260477508822384	0.00083073727933541
mtarjeta_master_consumo_lag1	0.000334481418565908	0.00129650963998577	0.000692281066112842
Master_fultimo_cierre_lag1	0.000328940111608485	0.000650784767103043	0.000692281066112842
Visa_mconsumosdolares	0.000326120463667097	0.000258278561544195	0.000553824852890273
Visa_fultimo_cierre_lag1	0.000307926645503209	0.000265521080803275	0.000484596746278989
Visa_mpagado_delta1	0.000306172028111214	0.000392420798492114	0.000553824852890273
Master_msaldopesos_lag1	0.000300688172027837	0.000329766174335733	0.000899965385946694
cprestamos_personales_delta1	0.000292702938503883	0.000708406068126541	0.000346140533056421
Visa_status_delta1	0.000287283695574141	0.000207271563355574	0.000346140533056421
Master_mlimitecompra_delta1	0.000281142012218767	0.000579259195615178	0.000899965385946694
mextraccion_autoservicio_delta1	0.00028079730198911	0.000702621162806395	0.000761509172724126
Master_mconsumospesos_delta1	0.00028041491131839	0.00060491168259257	0.000484596746278989
Visa_mpagosdolares_lag1	0.000278508664992657	0.000441188233597476	0.000415368639667705
tcallcenter_lag1	0.000276908608546449	0.000408908158241492	0.000346140533056421
mcheques_emitidos_lag1	0.000272165272252295	0.00399922955234066	0.000623052959501558
Master_cconsumos_lag1	0.000259217721560894	0.000397700853151118	0.000346140533056421
Visa_mconsumosdolares_delta1	0.00025714258422679	0.000293339111406088	0.000623052959501558
ccaja_seguridad_lag1	0.000245266012341529	0.00101727598013458	0.000346140533056421
mplazo_fijo_dolares_delta1	0.000244458908900144	0.000221866682093081	0.000415368639667705
Master_fultimo_cierre	0.000237695288169609	8.5955569896351e-05	0.000276912426445137
active_quarter_lag1	0.000229144432647572	0.000229175629070732	0.000276912426445137
Visa_msaldodolares_lag1	0.000219113227541054	0.00173348825416065	0.000415368639667705
ccuenta_debitos_automaticos_lag1	0.000213759776065265	0.00045136875595222	0.00110764970578055
Master_mpagominimo_lag1	0.000212175860706081	0.000769846014000477	0.000761509172724126
tpaquete3_lag1	0.000210154941626645	0.00224811138167121	0.000346140533056421
Master_mpagospesos_lag1	0.000209777988869329	0.000548036269951886	0.000553824852890273
mplazo_fijo_dolares_lag1	0.000209722462250457	0.000489967056311735	0.000346140533056421
tpaquete1	0.000209476264324872	0.0035291908116003	0.000553824852890273
cpagomiscuentas_lag1	0.000204775052872178	0.00111564973753412	0.000553824852890273
Master_mpagominimo_delta1	0.000204540874768277	0.000404115872830282	0.000484596746278989
catm_trx	0.000202565796108573	0.00120066772763121	0.000484596746278989
Master_mconsumototal_delta1	0.000201239868507044	0.000867312558557813	0.000623052959501558
Visa_mconsumosdolares_lag1	0.000196903726944608	0.000489672876415206	0.000553824852890273
Visa_fultimo_cierre	0.000189534701729253	0.000173795789065309	0.000415368639667705
Visa_mpagado_lag1	0.000189099127229713	0.000840310639926018	0.000415368639667705
ctarjeta_debito	0.000186686098866044	0.000154328671654307	0.000276912426445137
Master_mpagospesos	0.000184738956373522	0.000323370134004732	0.000553824852890273
cplazo_fijo_lag1	0.000172827365802268	0.00267995608216794	0.000415368639667705
mttarjeta_master_debitos_automaticos_lag1	0.000161166957193351	0.000472120775233871	0.000346140533056421
tcuentas_lag1	0.000159052957931051	0.00159541349627332	0.000346140533056421
matm_lag1	0.000153043789406484	0.00100359376804373	0.00083073727933541
cseguro_accidentes_personales	0.00015165727370657	0.00120765212775527	0.000346140533056421
Visa_madelantodolares	0.000146859089029537	2.7531442445549e-05	0.000138456213222568
ccajas_extracciones_delta1	0.00014562968778589	0.00118870504448394	0.000276912426445137
ctarjeta_visa	0.000142819251739161	0.000299374544121988	0.000207684319833853
cforex	0.000140208710733518	0.00108484815340005	0.000276912426445137
Master_mconsumospesos	0.000139666740423584	0.000377172790177793	0.000553824852890273
mcheques_emitidos_delta1	0.000129030372863898	0.00182765049420277	0.000346140533056421
Master_mpagospesos_delta1	0.000127920950308568	0.000191736966883989	0.000207684319833853
Master_mconsumototal_lag1	0.00012636168872521	0.000468402720928699	0.000553824852890273
cextraccion_autoservicio_delta1	0.000108925867601854	0.000641600660526867	0.000346140533056421
tmobile_app_lag1	9.94940642746716e-05	0.00136850210343845	0.000276912426445137
cforex_sell_lag1	9.89348956959705e-05	0.000267944743563716	0.000138456213222568
Visa_mpagosdolares_delta1	9.85755509144155e-05	0.000276707508610669	0.000415368639667705
Visa_msaldodolares_delta1	9.66821418559927e-05	0.000150553679304645	0.000207684319833853
cseguro_accidentes_personales_lag1	9.52709221940626e-05	0.000146002431615107	0.000138456213222568
ccuenta_debitos_automaticos_delta1	9.30395730603634e-05	0.000486507121141583	0.000207684319833853
Visa_mpagosdolares	9.18122367162779e-05	0.000115432395528629	0.000207684319833853
ctarjeta_master_debitos_automaticos	9.04446411279137e-05	0.000249449368778671	0.000138456213222568
ccajas_transacciones_lag1	8.74357991777434e-05	0.000153956676430308	0.000138456213222568
ccajas_otras_delta1	8.71737616221364e-05	0.00135858729195799	0.000207684319833853
Master_mconsumosdolares	8.45039626394325e-05	4.07296811582436e-05	0.000207684319833853
matm_other_delta1	8.32231932430529e-05	0.000668942309490783	0.000276912426445137
ccajas_extracciones_lag1	8.1006013070242e-05	0.00052941183559933	0.000138456213222568
Master_mpagado	7.97048921826681e-05	4.45217549212525e-05	0.000138456213222568
mttarjeta_master_debitos_automaticos_delta1	7.16119940481395e-05	0.000317165785090179	0.000276912426445137
cmobile_app_trx_delta1	7.1158495599176e-05	0.000115394436832302	6.92281066112842e-05
ccajas_otras	6.92222977395068e-05	0.000395563778547941	6.92281066112842e-05
mcheques_depositados	5.7933988002522e-05	0.000895341259925238	0.000138456213222568
cseguro_vida_lag1	5.14847286312739e-05	0.000674252731106849	0.000138456213222568
ccheques_depositados	5.14151688624632e-05	0.000896216207875562	0.000138456213222568
Visa_msaldodolares	5.09465021623993e-05	0.000179180230139211	6.92281066112842e-05
ccajas_extracciones	4.79754330547418e-05	0.000660067566289668	0.000276912426445137
mdescubierto_preacordado_lag1	4.39737637334188e-05	0.000112832224830269	6.92281066112842e-05
mprestamos_prendarios_lag1	4.3634882766456e-05	0.000905724861305329	0.000138456213222568
catm_trx_lag1	4.13760919817259e-05	5.7169592537214e-05	0.000207684319833853
ccajas_consultas_lag1	4.00308404771168e-05	0.000203993829927788	6.92281066112842e-05
mtarjeta_master_consumo_delta1	3.72106527289086e-05	1.66885408399085e-05	6.92281066112842e-05
Visa_Finiciomora_lag1	3.62579627640804e-05	0.000359345488448092	6.92281066112842e-05
catm_trx_other	3.52386916603402e-05	5.04926578533976e-05	6.92281066112842e-05
ccheques_emitidos_lag1	3.30289609279179e-05	0.000452862430652665	6.92281066112842e-05
Visa_madelantopesos	3.27420133849127e-05	5.2187513644372e-05	0.000207684319833853
Master_mconsumospesos_lag1	3.24981393234292e-05	9.40274866701632e-05	0.000207684319833853
Master_mpagosdolares_lag1	3.17643012632813e-05	7.7050459738174e-05	0.000138456213222568
ctarjeta_master_debitos_automaticos_delta1	3.08724132311469e-05	0.000102158239423281	6.92281066112842e-05
matm_other_lag1	3.08374900646546e-05	6.66877356410626e-05	0.000207684319833853
ctarjeta_master_debitos_automaticos_lag1	2.9795138263596e-05	1.1981662495433e-05	6.92281066112842e-05
thomebanking_delta1	2.95450545278133e-05	0.000142829084602219	6.92281066112842e-05
Master_mpagosdolares	2.93245114645828e-05	3.38363819053666e-05	6.92281066112842e-05
mcaja_ahorro_adicional_lag1	2.72673769735017e-05	4.8217034008629e-05	6.92281066112842e-05
cprestamos_prendarios_lag1	2.08915893814151e-05	0.000452862430652665	6.92281066112842e-05
Master_msaldodolares_lag1	1.89572517326117e-05	6.35314700415212e-05	6.92281066112842e-05
Master_mconsumosdolares_lag1	1.64944252565937e-05	2.36349822676425e-05	0.000138456213222568
internet	1.47825406348965e-05	3.16518589317814e-05	6.92281066112842e-05
mforex_sell_lag1	1.06069365315745e-05	0.000171106415430582	0.000207684319833853
catm_trx_delta1	6.0539244432779e-06	0.00016367410268987	6.92281066112842e-05
mforex_sell_delta1	3.69690218175003e-06	0.00012665678203235	6.92281066112842e-05
Master_msaldodolares	3.39835957423875e-06	0.000289355346226631	0.000207684319833853
cseguro_vivienda_lag1	1.50602552977013e-06	2.10613826567115e-05	6.92281066112842e-05
mtarjeta_visa_descuentos	1.0833751000578e-06	6.42071348361314e-05	6.92281066112842e-05
mforex_sell	1.03846916353564e-06	0.000120315781811022	6.92281066112842e-05
Master_mconsumosdolares_delta1	9.44969011245865e-07	2.61212768770227e-05	0.000138456213222568
mtarjeta_visa_descuentos_delta1	4.66431038958124e-07	0.000112555126347087	6.92281066112842e-05
catm_trx_other_lag1	3.76931418518991e-07	0.000125282677225334	6.92281066112842e-05
Visa_status_lag1	5.15149725006461e-10	1.18469091234742e-05	6.92281066112842e-05
cpayroll_trx_delta1	3.71466506195874e-11	0.00019584789369614	0.000138456213222568
Master_madelantopesos_delta1	3.87706636173977e-12	1.14350572683326e-05	6.92281066112842e-05
mcajeros_propios_descuentos_delta1	1.93874693182519e-12	0.000137738823424847	0.000138456213222568
ccajeros_propios_descuentos	6.63719164942353e-13	9.07098966112345e-05	0.000138456213222568