Feature	Gain	Cover	Frequency
ctrx_quarter_lag1	0.104226221213067	0.0126820368211238	0.00842956120092379
ctrx_quarter	0.0815676220918747	0.0162009890681202	0.00889145496535797
mcaja_ahorro	0.0598990412529761	0.0112417174769975	0.00958429561200924
cpayroll_trx	0.0414383925455842	0.0175594499246244	0.00427251732101617
mcuentas_saldo	0.0279563096365177	0.0168336846934107	0.0128175519630485
ctarjeta_visa_transacciones	0.0247986634418404	0.00905575977142386	0.00866050808314088
mpayroll	0.0243539745974229	0.0196065531040604	0.00808314087759815
mprestamos_personales	0.024219480455351	0.0201339978597901	0.00715935334872979
mpayroll_lag1	0.0196069513363108	0.00824027589547446	0.00473441108545035
mpasivos_margen_lag1	0.0191446120054157	0.00326618483936559	0.00577367205542725
mtarjeta_visa_consumo	0.0175515513415186	0.00896067315415063	0.00785219399538106
mactivos_margen	0.017456124274954	0.0147656516182853	0.0138568129330254
mcaja_ahorro_lag1	0.015622844545111	0.00379269657266709	0.00438799076212471
Visa_mconsumototal	0.0133530075555922	0.00481581382435821	0.00519630484988453
Visa_mpagominimo_lag1	0.0121701439565264	0.00500789270152981	0.00519630484988453
cpayroll_trx_lag1	0.0118907281976381	0.00619968407415108	0.00219399538106236
Visa_msaldototal	0.0102507917050769	0.00776128643449488	0.00842956120092379
Visa_mpagominimo	0.00966057682524136	0.00826263873542347	0.00877598152424942
mactivos_margen_delta1	0.00894008849435415	0.00411896981355663	0.00531177829099307
Visa_msaldopesos	0.00865588784978474	0.00625363850904798	0.00727482678983834
mcomisiones_lag1	0.00790888670438184	0.00500655875169222	0.00623556581986143
Visa_msaldopesos_lag1	0.00770243664841002	0.00287269191101975	0.00381062355658199
mrentabilidad_annual_lag1	0.00731021104114821	0.00804479903476479	0.00808314087759815
ccomisiones_mantenimiento_delta1	0.00725429354465914	0.0104630916992509	0.00334872979214781
mpasivos_margen	0.00702720059194369	0.00454515317493549	0.00496535796766744
Visa_mpagospesos_lag1	0.00687060876914512	0.00313125544206368	0.00531177829099307
Visa_fechaalta	0.00596498162795414	0.00622757822743409	0.00889145496535797
thomebanking	0.00590001738680022	0.00491571404540533	0.00346420323325635
mpasivos_margen_delta1	0.0058812598538375	0.00499087308551284	0.00600461893764434
mcuenta_debitos_automaticos	0.00557699979158736	0.0148198213660503	0.00762124711316397
ctrx_quarter_delta1	0.00545386834747979	0.0111792693206857	0.0069284064665127
mactivos_margen_lag1	0.00535364016669254	0.0119994603814052	0.00727482678983834
mprestamos_personales_lag1	0.00517961111364216	0.00582701214763028	0.00323325635103926
mcomisiones_otras_lag1	0.00479146670573312	0.00521738964726728	0.00577367205542725
cproductos	0.00445511508334065	0.00481493277400165	0.00369515011547344
chomebanking_transacciones	0.0041910111239951	0.00690150255466243	0.00669745958429561
mprestamos_personales_delta1	0.00418469190291815	0.0125874550754032	0.00473441108545035
Master_status	0.00414959218824345	0.00918915475518345	0.00254041570438799
Master_fechaalta	0.00412625857998848	0.0097752636054407	0.0105080831408776
mrentabilidad_lag1	0.00396342079019059	0.00508934778688194	0.00508083140877598
cproductos_delta1	0.0039280630382676	0.00314765634294262	0.001270207852194
mcuentas_saldo_delta1	0.00372916062314614	0.0101682541370945	0.00635103926096998
chomebanking_transacciones_lag1	0.00357228412110799	0.00488350621017996	0.00542725173210162
mcomisiones_mantenimiento	0.00351504537262567	0.00383738265479628	0.00277136258660508
mcomisiones_mantenimiento_delta1	0.00335057727381602	0.00318707344695633	0.001270207852194
mpayroll_delta1	0.00307855849510169	0.00709914739321577	0.00369515011547344
mrentabilidad_annual	0.00304471092540093	0.00380869159641548	0.00438799076212471
mrentabilidad	0.00298297792472715	0.00137430491375891	0.00254041570438799
canarito6	0.00290644063463222	0.00419455947940021	0.00554272517321016
mtransferencias_recibidas_lag1	0.00287210934686314	0.00479104541995253	0.00554272517321016
canarito85	0.0028662978926816	0.00856190629796821	0.00635103926096998
mrentabilidad_annual_delta1	0.00285040187306321	0.00565472473029403	0.00623556581986143
mrentabilidad_delta1	0.00283646941047645	0.00209641477593714	0.0035796766743649
canarito27	0.0027354555200956	0.00686517902633888	0.00658198614318707
cliente_edad	0.00273457337388266	0.00537646378411574	0.00542725173210162
canarito2	0.00262071869695772	0.00281273593928395	0.00565819861431871
mautoservicio	0.00255973815102054	0.00539997000963983	0.0069284064665127
Visa_status	0.00255844531194104	0.00489444509382036	0.001270207852194
cliente_edad_lag1	0.00252975829425395	0.00506377752765737	0.00496535796766744
mpagomiscuentas	0.0024682616049169	0.00471917546951879	0.00334872979214781
ccallcenter_transacciones_delta1	0.00241810252168944	0.0050750975398228	0.00207852193995381
canarito57	0.00240251679583235	0.00262189201752785	0.00612009237875289
tcallcenter	0.00238346167299911	0.0031093974736673	0.00161662817551963
canarito50	0.00236804153666969	0.00265154084694232	0.00508083140877598
ccallcenter_transacciones	0.00229688797165462	0.0040062597142917	0.00207852193995381
Master_fechaalta_lag1	0.00224408641880313	0.00396084849802074	0.00600461893764434
mcomisiones	0.00221390175168042	0.00189457504874795	0.00450346420323326
canarito42	0.00216391918683291	0.00245110189082564	0.00496535796766744
ccomisiones_mantenimiento	0.00215955872276174	0.00224676502933935	0.00138568129330254
canarito39	0.00215639429735926	0.0035259635269406	0.0058891454965358
canarito20	0.00214921020100645	0.00336017756827478	0.00519630484988453
Visa_Fvencimiento_lag1	0.00214658593313505	0.00144925606558004	0.00427251732101617
canarito59	0.00214148070195202	0.00664281775545146	0.00531177829099307
ccomisiones_otras	0.00211890054428716	0.00428294169943774	0.0035796766743649
canarito84	0.00211469933174035	0.0025909760595107	0.00508083140877598
canarito86	0.00206951249793496	0.00574414391690289	0.00531177829099307
canarito77	0.00206755744987948	0.00533055017115269	0.00623556581986143
Visa_fechaalta_lag1	0.00205672011948499	0.00251277046606351	0.00381062355658199
mcaja_ahorro_delta1	0.00204048016305231	0.00534226616100646	0.00508083140877598
canarito61	0.00202589358138583	0.00194914077420122	0.00484988452655889
mtransferencias_recibidas	0.00199030303717994	0.00258161118718145	0.00334872979214781
ctarjeta_visa_debitos_automaticos_delta1	0.0019882791356416	0.00993440951324517	0.00207852193995381
mcomisiones_otras	0.00198267448959075	0.00141068288901461	0.00300230946882217
canarito58	0.00196048964812654	0.00411450516512059	0.00508083140877598
Visa_mfinanciacion_limite	0.00193389209660208	0.00419080759080319	0.00473441108545035
canarito10	0.00193088036341193	0.00238031840417428	0.00473441108545035
canarito53	0.00192788902333803	0.00432120056871306	0.00427251732101617
canarito56	0.00189358806794035	0.00208605995938704	0.0046189376443418
canarito38	0.00187307989001997	0.00494257865669865	0.00427251732101617
canarito45	0.00186237232562456	0.00494562768489887	0.00531177829099307
canarito35	0.00185114190787368	0.00259603962420034	0.00519630484988453
canarito87	0.00184812895643708	0.00302146567825026	0.00450346420323326
canarito15	0.00183540574154009	0.00553837906087803	0.0046189376443418
canarito9	0.00183252833636828	0.00176748105995407	0.0046189376443418
mplazo_fijo_dolares	0.00181732908183681	0.00863757763421002	0.00207852193995381
canarito83	0.00179177492655593	0.00218351501820866	0.00450346420323326
canarito88	0.00178047483335623	0.00306246174329623	0.0046189376443418
ccaja_ahorro	0.00176157112472407	0.00744152455171799	0.00265588914549654
canarito32	0.00173699095003674	0.00280236379870999	0.00438799076212471
canarito16	0.00173233864863339	0.00515094211630325	0.0046189376443418
ctransferencias_emitidas_delta1	0.00171549925612308	0.00549966729212168	0.0035796766743649
canarito47	0.00171227269311414	0.00216248117837614	0.00438799076212471
canarito31	0.00170018288308062	0.0016753271524351	0.00415704387990762
mcuenta_corriente	0.00169401505660634	0.00217699376065381	0.00265588914549654
canarito30	0.00169359611002308	0.00247468978674795	0.00496535796766744
canarito75	0.00168893238264118	0.00346460925899285	0.00496535796766744
Visa_msaldototal_lag1	0.00168489034109434	0.00281615372170644	0.00392609699769053
ctarjeta_visa_transacciones_delta1	0.00167808167868143	0.0045402776996478	0.00219399538106236
Master_Fvencimiento	0.00165941717042229	0.00152514023982933	0.00381062355658199
canarito22	0.00164822736560116	0.00302491563385992	0.00415704387990762
cliente_antiguedad_lag1	0.00164752655942357	0.00347264760606615	0.00508083140877598
ccajas_consultas_delta1	0.00163352606429105	0.00698736536665789	0.00150115473441109
canarito80	0.00162920857104992	0.00236378138596497	0.00484988452655889
canarito29	0.0016289636971895	0.0016789354991201	0.00381062355658199
Visa_mpagospesos	0.00162396631963734	0.00268203855352617	0.00484988452655889
canarito3	0.00162276459051798	0.00172609149208031	0.00427251732101617
tmobile_app_delta1	0.00161037671630816	0.00766819702968722	0.00161662817551963
canarito46	0.00159847729960615	0.00256717780044145	0.00369515011547344
mcaja_ahorro_dolares	0.00159154857776662	0.00262422333616796	0.00277136258660508
canarito68	0.00159099914567368	0.00262521328038881	0.00300230946882217
canarito74	0.00158728100472794	0.00215610098787276	0.00415704387990762
cmobile_app_trx	0.00157993987204368	0.0021411330312535	0.00254041570438799
Visa_mconsumospesos_lag1	0.00157878064177733	0.00227025393083958	0.0035796766743649
Visa_Fvencimiento	0.0015725606350914	0.00223076010614875	0.00346420323325635
canarito25	0.00156907267587594	0.00200126381228955	0.00392609699769053
ctarjeta_debito_transacciones	0.00156865369192498	0.00363217464239564	0.00450346420323326
canarito11	0.00156744299579444	0.00178914598922738	0.00404157043879908
canarito89	0.00155129583790505	0.00239906299799608	0.00427251732101617
canarito90	0.00152101237589935	0.00428881949324904	0.00369515011547344
Master_Fvencimiento_lag1	0.00151665475298454	0.00139526945749597	0.00392609699769053
mcomisiones_delta1	0.00150430639454911	0.00318637306142007	0.00288683602771363
canarito51	0.00149819421615731	0.00254218665858608	0.00381062355658199
Master_msaldototal	0.00148249209379315	0.00241251633995744	0.00254041570438799
cextraccion_autoservicio	0.00148098366141753	0.00127988650883474	0.001270207852194
canarito66	0.00148051898617227	0.00143964618205614	0.00346420323325635
Master_status_delta1	0.00147912748128902	0.00194522059508665	0.00069284064665127
canarito24	0.00147494040272469	0.00189262485863287	0.00392609699769053
canarito81	0.00147198023302473	0.00227516652903555	0.00369515011547344
mtransferencias_emitidas_delta1	0.00145747797807849	0.00437971864646808	0.00323325635103926
canarito70	0.00143583489689963	0.00138096476350468	0.00369515011547344
mcaja_ahorro_dolares_lag1	0.00142878792193344	0.00367924154037598	0.00404157043879908
canarito33	0.00142088483495646	0.00196083449031002	0.00415704387990762
mtransferencias_recibidas_delta1	0.00141585915607622	0.00319475541411013	0.00346420323325635
Visa_msaldopesos_delta1	0.00141126671500804	0.00174674915310891	0.00288683602771363
mdescubierto_preacordado	0.00139425725858577	0.00758563320680774	0.00207852193995381
mcuentas_saldo_lag1	0.00139341184685293	0.00187477121460983	0.00334872979214781
Visa_mconsumospesos	0.00139259132998356	0.00279732250776531	0.00381062355658199
canarito49	0.00138594699991702	0.00235657459203718	0.00392609699769053
canarito65	0.0013848658909546	0.00272686322784628	0.00381062355658199
Visa_mconsumospesos_delta1	0.00138268280029037	0.00144442761264285	0.00346420323325635
canarito54	0.00138195744227829	0.0017742720773091	0.00404157043879908
Visa_mlimitecompra_lag1	0.00138138988098897	0.00206385303565282	0.00346420323325635
Visa_mlimitecompra	0.00138137308254718	0.00189343908775452	0.00277136258660508
cprestamos_personales	0.00137294027501435	0.00124582500305583	0.00138568129330254
canarito13	0.00136890434497744	0.0019634355687503	0.00334872979214781
canarito12	0.0013573320748851	0.00242687548088087	0.00392609699769053
canarito55	0.00135535775630386	0.00163150727149916	0.00392609699769053
canarito48	0.00135502607074924	0.00180289631445499	0.0035796766743649
canarito67	0.00135219687404116	0.00124228347760574	0.00323325635103926
canarito52	0.00134006728008388	0.00139486110550486	0.00369515011547344
canarito44	0.00133197817713017	0.00165424876511264	0.00334872979214781
canarito36	0.00133013113872406	0.00153329243048803	0.00323325635103926
numero_de_cliente	0.00132854764811603	0.00265089243347767	0.00346420323325635
cproductos_lag1	0.00132145363113725	0.0018520841679285	0.00242494226327945
canarito72	0.00132079329350085	0.00171509816150777	0.00346420323325635
cplazo_fijo	0.00131550145672015	0.00631729687216977	0.00161662817551963
canarito26	0.00130819590287322	0.00255185841362379	0.00369515011547344
canarito76	0.00129947174754962	0.00218212662143892	0.0035796766743649
Visa_cconsumos_delta1	0.0012944319236668	0.00170476809356319	0.00219399538106236
canarito4	0.00127656747762844	0.00200410247734284	0.0035796766743649
canarito14	0.00127370067490823	0.00187056890139232	0.00404157043879908
mcuenta_corriente_lag1	0.00123761721867218	0.00149740942734276	0.00219399538106236
canarito40	0.00123284241791692	0.00192392194517506	0.00334872979214781
canarito34	0.00122119584410745	0.00504104345862554	0.0035796766743649
canarito18	0.00121859972466046	0.0021148203138633	0.00404157043879908
canarito23	0.00121400555547399	0.0019843308163919	0.00334872979214781
mpagomiscuentas_delta1	0.00121262327692109	0.00634542118748413	0.00173210161662818
canarito79	0.00121207711988763	0.00162968824899334	0.00346420323325635
canarito37	0.00119944453880553	0.00165186547440095	0.00346420323325635
canarito8	0.00119469322144206	0.0016248003994029	0.00311778290993072
canarito1	0.00119296517562966	0.00128115611229799	0.00311778290993072
canarito63	0.00117550460489679	0.00163620703168764	0.00311778290993072
canarito62	0.001164402177845	0.00159081808916165	0.00300230946882217
Master_msaldopesos	0.00114143744526258	0.00247521198232445	0.00196304849884527
canarito17	0.00114051874716498	0.00213718562867286	0.00288683602771363
canarito28	0.00113680449823236	0.002025071970801	0.00300230946882217
canarito19	0.0011266743058177	0.00119620157412515	0.00300230946882217
canarito71	0.00110997634943707	0.00277992423808386	0.00346420323325635
Master_mlimitecompra	0.00109193093508755	0.00294489844248858	0.0035796766743649
canarito78	0.00109042126010372	0.00164544073640763	0.00265588914549654
canarito5	0.00108197263253476	0.00103983245986017	0.00334872979214781
Visa_msaldototal_delta1	0.00106338336617915	0.0012783174472447	0.00254041570438799
mautoservicio_delta1	0.0010451829437836	0.00259263916580172	0.00219399538106236
canarito73	0.00104425821409317	0.00378261151591718	0.00277136258660508
mautoservicio_lag1	0.00102506136657456	0.00353630844404849	0.00565819861431871
Visa_status_delta1	0.00101734209010379	0.00153967757071252	0.00046189376443418
mextraccion_autoservicio_lag1	0.00100978045096951	0.00310653406000849	0.00242494226327945
mcomisiones_otras_delta1	0.00100970990132806	0.00181539683510378	0.00254041570438799
mtransferencias_emitidas	0.00100680285140343	0.001463402368496	0.00254041570438799
Visa_mpagospesos_delta1	0.00100242389221838	0.00192511977768229	0.00242494226327945
ctransferencias_emitidas	0.00099905427698665	0.00109266330806641	0.00196304849884527
Visa_mpagominimo_delta1	0.000970049938451406	0.00121631971555339	0.0023094688221709
tmobile_app	0.000961589319751083	0.00531469373959522	0.00103926096997691
Visa_mfinanciacion_limite_lag1	0.000948322668329143	0.00096560644218081	0.00207852193995381
mtarjeta_visa_consumo_delta1	0.00093309510996784	0.00188264869574725	0.00184757505773672
cliente_antiguedad	0.000921879861034499	0.00226552694718502	0.00300230946882217
canarito7	0.00091972504758743	0.0020349664632884	0.00277136258660508
canarito69	0.000918856324636289	0.000910327956888523	0.00254041570438799
canarito21	0.000916615808232876	0.00165548372052815	0.0023094688221709
mcuenta_debitos_automaticos_delta1	0.000900381391914788	0.00675738647499103	0.00207852193995381
ccomisiones_otras_lag1	0.000868666696531171	0.00235983893310544	0.00219399538106236
chomebanking_transacciones_delta1	0.000862119919643929	0.0025936018865565	0.00323325635103926
Master_mfinanciacion_limite	0.000854071817367172	0.00137696786371299	0.00288683602771363
Visa_mconsumototal_lag1	0.000844511673238459	0.00163912241741805	0.00219399538106236
mcuenta_debitos_automaticos_lag1	0.000820574450872269	0.0021605656363088	0.00242494226327945
mcaja_ahorro_dolares_delta1	0.000818845516698482	0.00220727120464852	0.00219399538106236
ccajas_consultas	0.000818588042484039	0.0037154165770664	0.00092378752886836
canarito60	0.000803105482089299	0.00089792643066182	0.00219399538106236
ctarjeta_master	0.000802289862309316	0.000544461896886074	0.000577367205542725
cextraccion_autoservicio_lag1	0.000797792171909737	0.00130510038813981	0.00184757505773672
mttarjeta_visa_debitos_automaticos_delta1	0.000790115969860284	0.00463397344529075	0.00161662817551963
ctarjeta_debito_transacciones_delta1	0.000776273487845762	0.00493523327057994	0.00207852193995381
Master_mpagominimo	0.000752004679958553	0.00239604366812249	0.00161662817551963
tcallcenter_delta1	0.00074946247602762	0.0024336615485148	0.00103926096997691
mtarjeta_master_consumo	0.000748140202962374	0.00178367902226773	0.00115473441108545
canarito82	0.000736683009605915	0.00113600306605524	0.00219399538106236
mcomisiones_mantenimiento_lag1	0.000730732271204567	0.00166173026856172	0.00184757505773672
mttarjeta_visa_debitos_automaticos	0.000721660209626024	0.00212793459992902	0.00254041570438799
ccallcenter_transacciones_lag1	0.000711444936027227	0.00166896181109503	0.00115473441108545
ccuenta_debitos_automaticos	0.000695984543220339	0.000978896443345727	0.00138568129330254
canarito64	0.000686897425186063	0.00126512396564131	0.0023094688221709
ccajas_transacciones	0.000683176289111343	0.00272645240099463	0.00092378752886836
cpayroll_trx_delta1	0.000676702300402625	0.00260016026701963	0.001270207852194
canarito43	0.00066934793444539	0.000587932822484167	0.00184757505773672
Master_mfinanciacion_limite_lag1	0.000667018532739927	0.00117387585708443	0.00196304849884527
ctarjeta_visa_transacciones_lag1	0.000661052194849427	0.0029143561884148	0.00381062355658199
ctarjeta_master_transacciones	0.000626140942811464	0.00111626605315204	0.00092378752886836
thomebanking_lag1	0.000611306122913716	0.000378099295711609	0.00092378752886836
Visa_cconsumos_lag1	0.000606726286437293	0.00116080611850865	0.00311778290993072
cmobile_app_trx_lag1	0.000600029632745933	0.0004812836567114	0.00103926096997691
ccaja_seguridad	0.000596219265768696	0.00370020360925248	0.00103926096997691
ctransferencias_recibidas	0.000589034323287679	0.000332792023583837	0.00092378752886836
Visa_mlimitecompra_delta1	0.000582203397551221	0.00155753121473556	0.00092378752886836
Visa_cconsumos	0.000550342039738536	0.00101242090438483	0.00196304849884527
mtransferencias_emitidas_lag1	0.000545563654190158	0.00181802018728903	0.00311778290993072
mpagomiscuentas_lag1	0.000538735425719096	0.00110008788972279	0.001270207852194
Master_mpagospesos	0.000534497537096632	0.00101627673712504	0.00115473441108545
mplazo_fijo_dolares_lag1	0.000520210246899424	0.00115361417374417	0.00069284064665127
mextraccion_autoservicio	0.000512516245415652	0.0011041194375622	0.00115473441108545
Visa_mconsumototal_delta1	0.000478290989120717	0.000858771661866634	0.001270207852194
Master_msaldopesos_lag1	0.000464346451807497	0.000672969031055219	0.00103926096997691
ctransferencias_emitidas_lag1	0.000456190328568761	0.000761846223203169	0.001270207852194
ctransferencias_recibidas_lag1	0.000451176332204983	0.00126709890436191	0.00184757505773672
Master_msaldototal_lag1	0.000433182649987317	0.000306226870417316	0.000808314087759815
ctarjeta_debito_transacciones_lag1	0.000411464965309337	0.00342187336697873	0.0046189376443418
Master_mpagospesos_lag1	0.000409067445890344	0.000796855600573544	0.000808314087759815
Master_cconsumos	0.000406459324524257	0.000822574351431238	0.001270207852194
Master_mlimitecompra_lag1	0.000399655192729631	0.00117139357195064	0.00138568129330254
canarito41	0.000398833478471293	0.00108451854198936	0.00173210161662818
cprestamos_personales_delta1	0.000398703498576024	0.00215685334548061	0.00046189376443418
matm	0.000390886101677224	0.000512365430385551	0.00103926096997691
Master_cconsumos_lag1	0.000389503934843335	0.000639761352166791	0.00103926096997691
Master_mfinanciacion_limite_delta1	0.000383116636965656	0.00058300042540378	0.00092378752886836
Master_msaldopesos_delta1	0.000382196041042683	0.000525880643860711	0.000577367205542725
ctarjeta_visa	0.000376487528102459	0.000534381789857264	0.000346420323325635
ccaja_seguridad_lag1	0.000374334135701109	0.00176620898163027	0.00069284064665127
mtarjeta_visa_consumo_lag1	0.000374264917214593	0.00117546471755889	0.00265588914549654
Visa_mconsumosdolares	0.000357325092365503	0.000563812831543147	0.00115473441108545
ccajas_transacciones_delta1	0.00033986659997553	0.00156900219339466	0.00046189376443418
Visa_mpagado_delta1	0.000337635962486947	0.000655063414960587	0.00069284064665127
ctarjeta_visa_debitos_automaticos_lag1	0.000335017346000499	0.000797056064278266	0.00115473441108545
ctarjeta_debito	0.000323688758662802	0.00028101794083336	0.000577367205542725
Master_mconsumospesos_delta1	0.000307565268261207	0.000673614969659323	0.00092378752886836
ccomisiones_mantenimiento_lag1	0.000307385276899844	0.000787196219838596	0.00069284064665127
mcuenta_corriente_delta1	0.000307347102571907	0.00142599732611116	0.001270207852194
mttarjeta_visa_debitos_automaticos_lag1	0.000304114769764104	0.000637509229064356	0.00161662817551963
Master_mconsumospesos	0.000290614893186935	0.000631485418480482	0.00115473441108545
ccomisiones_otras_delta1	0.000290171036884434	0.000925805734781519	0.000808314087759815
ccuenta_debitos_automaticos_delta1	0.000288776798011973	0.00184650335738345	0.00046189376443418
mtarjeta_master_consumo_lag1	0.000284406620836483	0.00126954159172686	0.000577367205542725
ccuenta_debitos_automaticos_lag1	0.000281788682110053	0.00151671086478879	0.00092378752886836
Master_fultimo_cierre	0.000276195433770943	0.000261023542432734	0.000577367205542725
ctarjeta_debito_lag1	0.000269100136365429	0.000230783221346306	0.000577367205542725
matm_delta1	0.000266877948618129	0.000455186252189231	0.00069284064665127
Visa_mconsumosdolares_lag1	0.000265501472697068	0.00064590643091772	0.00115473441108545
cplazo_fijo_lag1	0.00026251713125752	0.000716048928686077	0.00023094688221709
tcallcenter_lag1	0.000257928592945346	0.000624669652519927	0.000346420323325635
Visa_mpagado	0.000244174420641596	0.000607986617538045	0.00069284064665127
cprestamos_personales_lag1	0.000220265438420644	0.000309236300848702	0.00023094688221709
ccaja_ahorro_lag1	0.000210709188900563	0.000733150215101267	0.000346420323325635
Master_mlimitecompra_delta1	0.000206934295450966	0.000573781569847111	0.000577367205542725
active_quarter_lag1	0.000205439764801898	0.000144366040587169	0.00023094688221709
Visa_fultimo_cierre_lag1	0.000202816499330401	0.000158668259717905	0.000346420323325635
ctarjeta_visa_debitos_automaticos	0.000201433262998785	0.000723634376278343	0.00069284064665127
cpagomiscuentas_lag1	0.00019541834774425	0.00082633613947047	0.000808314087759815
Master_msaldototal_delta1	0.000195027924481868	0.000215411862457051	0.000346420323325635
Master_mpagominimo_lag1	0.000179920956364953	0.0002857201758824	0.000577367205542725
mextraccion_autoservicio_delta1	0.00017317389588877	0.00075919317269129	0.00069284064665127
Master_Fvencimiento_delta1	0.000152004916097713	0.000128173027994608	0.00023094688221709
mplazo_fijo_dolares_delta1	0.000146260810424104	0.000112945211017376	0.00023094688221709
Visa_mfinanciacion_limite_delta1	0.00014156177824898	0.000619608562690829	0.000577367205542725
cpagomiscuentas_delta1	0.000133768914142805	0.000921195069572909	0.000346420323325635
ctransferencias_recibidas_delta1	0.000132016712518273	0.000419976411114133	0.000577367205542725
catm_trx	0.000118520372908227	0.00024288281458565	0.00023094688221709
Visa_msaldodolares_lag1	0.0001044920896288	0.000438550239557839	0.000346420323325635
Master_mconsumototal_delta1	0.000104076921720774	0.000185174016231175	0.00046189376443418
Master_mconsumosdolares_delta1	0.000104043505544743	8.73180300001111e-05	0.00023094688221709
tcuentas_lag1	0.000102248072362569	0.000670570891180208	0.00023094688221709
Visa_fultimo_cierre	0.000102187611821074	8.1779292084453e-05	0.00023094688221709
ccajas_extracciones_delta1	0.000100999183831252	0.000819510474067706	0.00023094688221709
Master_mpagosdolares	9.90521753999368e-05	0.000183067909901316	0.00069284064665127
ccajas_extracciones_lag1	9.77226908968922e-05	0.000414492120130622	0.00023094688221709
Master_mconsumototal	9.20780377319874e-05	0.000209071269722504	0.00046189376443418
ctarjeta_master_transacciones_lag1	9.04604957918006e-05	0.000249097189432039	0.000346420323325635
catm_trx_lag1	8.91467270681016e-05	0.000333019710754633	0.00023094688221709
Master_mpagospesos_delta1	8.57511449742573e-05	0.000651012068236756	0.000808314087759815
Master_mconsumosdolares_lag1	7.61885859991972e-05	8.20812250718124e-05	0.00023094688221709
catm_trx_delta1	7.3487945429953e-05	0.000216498326239434	0.00023094688221709
Master_mconsumototal_lag1	6.58166488086796e-05	0.000131635357907032	0.000346420323325635
Visa_madelantodolares_lag1	6.33091283765971e-05	3.00596562661229e-05	0.000115473441108545
Visa_msaldodolares_delta1	5.85651276374196e-05	2.36918400655026e-05	0.000115473441108545
cpagomiscuentas	5.82794189916018e-05	0.000134850201764244	0.00046189376443418
matm_lag1	5.34788922976045e-05	0.000256202514077192	0.00046189376443418
Visa_msaldodolares	5.20418406921309e-05	0.000207247297495587	0.000115473441108545
ccajas_extracciones	4.67139570833548e-05	0.00051584508432184	0.00023094688221709
Visa_mpagosdolares_lag1	4.54926187112518e-05	4.97199484922122e-05	0.00023094688221709
Visa_status_lag1	4.40783085814815e-05	0.000278812840081416	0.000115473441108545
cseguro_vida_lag1	4.39355457321913e-05	0.000331208112830477	0.000115473441108545
Master_mpagominimo_delta1	3.731761866978e-05	3.10693993713904e-05	0.000115473441108545
Master_msaldodolares_lag1	3.65511445126548e-05	0.00011055202086347	0.000115473441108545
cseguro_accidentes_personales_lag1	3.52667423847874e-05	0.000163652628869887	0.000115473441108545
ccajas_consultas_lag1	2.88268920419202e-05	4.41094396205425e-05	0.000115473441108545
thomebanking_delta1	2.85925923699427e-05	0.000191742296136517	0.000115473441108545
matm_other	2.063189599586e-05	0.000103045768808872	0.000115473441108545
Visa_mpagosdolares_delta1	1.85586155325924e-05	0.000131895218265005	0.00023094688221709
Master_cconsumos_delta1	1.64851241149607e-05	9.08150079602652e-05	0.00023094688221709
Master_mconsumospesos_lag1	1.51762620957282e-05	0.000178279054732952	0.00046189376443418
Master_mpagosdolares_lag1	9.57747603282155e-06	3.18217569792367e-05	0.000115473441108545
ctarjeta_master_transacciones_delta1	6.68934287389518e-06	6.192843559585e-05	0.000115473441108545
Visa_mpagado_lag1	6.1199679528873e-06	0.00015903453907962	0.000115473441108545
Visa_mconsumosdolares_delta1	5.41027163669873e-06	0.000387147385890182	0.000577367205542725
cforex_sell_lag1	4.00922465265742e-06	0.000135048190608414	0.000115473441108545
cforex	3.74105394449644e-06	0.000133667218420328	0.000115473441108545
matm_other_delta1	1.94090587922755e-06	5.82978151658811e-05	0.000115473441108545
catm_trx_other_delta1	1.75110536740122e-06	0.000110653490146108	0.000115473441108545
mforex_sell_lag1	1.07458741601152e-06	0.000136161877856871	0.000115473441108545
mforex_sell	6.16934215401225e-07	0.000151174381966067	0.000115473441108545
Visa_madelantopesos	3.16341884682897e-10	9.2676103095464e-05	0.000115473441108545
Visa_madelantodolares	2.09842929814814e-10	7.1117592825894e-05	0.000115473441108545
Visa_cadelantosefectivo	2.02374644648383e-10	0.000133164821728246	0.000115473441108545
Master_madelantopesos_delta1	2.22346963239857e-12	2.35185998268538e-05	0.000115473441108545
Master_mpagosdolares_delta1	6.10538173020083e-13	2.28800858044053e-05	0.000115473441108545
Master_fultimo_cierre_lag1	1.8514315475651e-13	4.03526013024152e-05	0.000115473441108545
Master_mconsumosdolares	3.42361423997472e-14	2.53970189859175e-05	0.000115473441108545